1 0 1 -0.032789235618540816 0.4531163769050077 0.18939817014654545 -0.00753686173988793 0.00716556216710839 -0.0157327671463592 0.9998221494205165
1 1 2 0.06364043746523784 0.06958817025086339 -0.01850524937667175 0.01872635462525153 0.043760627362350916 0.0011715283868241272 0.998865836164468
1 2 3 0.4306652853367323 -0.008623066421755324 0.04064746195113837 -0.03569125452871965 0.025467267811241097 -0.0037510717243105607 0.999031271823518
1 3 4 0.4348889529774207 -0.09625873146684905 0.07778507402908888 0.04058378071085654 -0.00248058689730399 0.005624717598382425 0.9991572278594578
1 4 5 0.9533646758713546 0.1397849510787098 -0.1403683445671069 0.0064052348824787005 0.0014089207938101076 0.006637094914566641 0.9999564674921564
1 5 6 0.6477389278776109 -0.10582447055371583 0.07739274086328174 0.0021029398201568017 0.009430845993886936 0.008500803596522805 0.9999171831337661
1 6 7 0.8922549912213819 -0.10562223153985378 -0.05421054418266477 0.013204652821503411 -0.006862630565903934 0.004177245585578349 0.9998805388969709
1 7 8 1.047372423721915 -0.14207063489782512 0.07202450270622611 -0.027767548390714356 -0.011605928947023616 0.00015235410085702566 0.9995470186328774
1 8 9 1.0089039926858068 -0.807355639603966 0.1582028087749164 0.018749752442405298 0.02568635188635888 0.0032878554565292117 0.9994887933922099
1 9 10 0.9046962248971187 -0.009090085148233673 -0.04226488680756682 -0.00034524353256402555 0.01804277824015771 0.013335828079589543 0.9997482156271705
1 10 11 1.2909355007456425 -0.14622532312379766 -0.20729571126453483 0.0020328139947775373 -0.004864771458154296 0.003039040380059644 0.9999814827783016
1 11 12 0.9886041634678249 -0.12492587085044218 0.1471559567718513 0.005244061279578655 -0.00485669335786994 0.010152939019396862 0.9999229121188253
1 12 13 1.1432945294977959 -0.7845504128460501 -0.09328389152040512 -0.013368851701816347 0.006022591726317554 0.005565994995658713 0.9998770033823067
1 13 14 1.2707784348980684 -0.26038778092186465 -0.014589371318289135 0.012106093693387549 0.014570080233058152 0.011403930327603168 0.9997555229307675
1 14 15 0.8268099969421658 -0.21449421659927848 0.30992143555325813 0.006202185205844353 0.014679804468110616 -0.007238233545895047 0.9998468103737619
1 15 16 1.1583272715833264 -0.2083087413839321 0.022606344005734108 0.007592937755554714 -0.005059929598723729 -0.0005233387931762742 0.9999582343904189
1 16 17 1.5214130711869314 -0.00841648772595055 0.24209845815802425 -0.012833886765484472 -0.005501364160059554 -0.0013452363431905796 0.9999016035000895
1 17 18 1.5000775694239892 -0.2952938379717116 0.17048941869640077 -0.010691909231998946 -0.004094416525013322 0.013849811940381204 0.9998385377347238
1 18 19 1.283758719496285 -0.0003687790830219362 0.4855325310282864 -0.002725060365267977 -0.009904130563925456 0.0014401872093719253 0.9999462026052102
1 19 20 1.1610311816759713 -0.020999261384488932 0.2202115337918838 0.013402260408930692 0.03639662697713696 0.024137933201777272 0.9989559675688239
1 20 21 1.7587536789484806 -0.17097291366165432 0.5604507000193916 0.004935340632334523 0.013588530778583014 0.001442960417435533 0.9998944504843279
1 21 22 1.7422144589054815 0.026373028487632094 0.8837942471408963 0.008648720905364546 0.001041126992419882 -0.012169107490143896 0.9998880079809839
1 22 23 2.056533286596644 -0.1198711521385092 0.5895517529249203 0.015426586878142357 -0.006526513874449263 0.00428349629781988 0.9998505271756396
1 23 24 2.273745803882853 -0.35092282508473766 0.683534490038126 0.004114877743622343 -0.0015279281987581384 0.000776186681132794 0.9999900653260564
1 24 25 2.059895542928273 -0.32603051146638584 0.24161808528283063 0.0011305006053838281 0.006251681017592187 -0.00998155369469374 0.9999300010694127
1 25 26 2.27275142164131 -0.19398500884577002 0.575527311389376 0.017097688814659336 0.00016112567834934311 0.0058160030809903205 0.9998368952903643
1 26 27 2.1499744440450517 0.05413157542139335 0.3789251202175387 -0.00980931212741733 -0.000895876800714244 0.020287305197035727 0.9997456676816296
1 27 28 1.9802559765345427 -0.2741265633816143 0.640130403980948 -0.0072499843527392555 0.004384225355318134 0.006978521245098892 0.9999397564534328
1 28 29 2.3652314280799116 -0.10759566536426436 0.7613361881069047 -1.6031413142432143e-05 -0.0017052961188452254 0.030894311669917292 0.9995212019835211
1 29 30 2.3480994039995817 -0.5296596040876755 0.6304087926893699 -0.01098360252527527 0.014688255468052488 0.026786135575815665 0.9994729203774289
1 30 31 2.1553219366712466 0.09660820944716564 0.6456361973228463 -0.050313238066353815 -0.008424535428932187 0.11081096396621523 0.992531377611289
1 31 32 1.6907906338980985 -0.2631171874765248 0.5153999914359383 -0.05664705659360998 -0.0225346724233599 0.1455188559289812 0.987475347584522
1 32 33 2.165864668753718 0.27270777496213294 0.7499594867755028 -0.03241946296155228 -0.012709735508891696 0.1066734396580984 0.9936841642675447
1 33 34 2.020809666706446 0.14030014112975275 0.566996021573915 -0.006575501347411463 -0.009135344894014122 0.08450728219050473 0.9963592863583256
1 34 35 1.8081801103501662 0.2274055604966206 0.5773441326787442 -0.02553396661139861 -0.01463951339215094 0.0607209250139734 0.9977207377128013
1 35 36 2.0855715060288436 0.49313612653764105 0.7914663009630241 -0.01061552159649851 -0.007096724747477301 0.044090875344061746 0.9989459154080803
1 36 37 2.09844664849755 0.017228542322531376 0.7555932437685121 -0.013928707715560689 0.004963291336635919 0.02437267141333019 0.9995935822766471
1 37 38 2.0014827683029583 0.24923556216089737 0.9780808816648414 -0.005323294577759511 -0.01153634614651642 0.0094024563699936 0.9998750767304067
1 38 39 2.4251907871381584 0.14366161974774408 0.5466813300527845 0.008843216408770978 -1.2708266342746168e-05 -0.002209162764130162 0.9999584576180799
1 39 40 1.8888085519338504 -0.10486957908415434 0.9596707493907009 0.0028219012765491273 0.022082992831254436 0.02948227874518301 0.9993173537674565
1 40 41 2.300086631079038 -0.01357316144868654 0.9252488423420728 0.004708917030481827 0.010965468720446236 -0.002768580370586007 0.9999249569637078
1 41 42 2.7702979503341223 -0.4117302569548509 1.0899421246002887 -0.009830388463253561 -0.007071665666611476 -0.0165154750269356 0.9997902750537214
1 42 43 2.5325976748238492 0.05004860607577638 1.0451962405301274 -0.010035888868266193 0.004279804647055664 0.0039407723246582815 0.9999327149965102
1 43 44 2.640807874385539 -0.4267606009464626 1.3327067748143795 -0.0071956742675444154 -0.002881322531403809 0.021802676026841876 0.9997322459390684
1 44 45 2.7780518084104004 0.17099858055714873 1.3881837689091263 -0.01313032655687689 -0.010705212706009734 0.025113104768474673 0.9995410571428852
1 45 46 2.7486207402026883 -0.14170004562962304 0.6246354856235594 -0.06004713658776523 0.0010899516782933306 0.1118215119848758 0.9919118422775108
1 46 47 2.716257221514663 -0.39280802500810325 1.1090132903723506 -0.04573523711741225 0.005858751797454621 0.12464059026747934 0.9911300047778617
1 47 48 2.5547309723847533 0.38948443526570586 0.9450954816798703 -0.058812190145324746 0.006214767078673315 0.1609072334049889 0.9851961049448076
1 48 49 2.4502616119667797 -0.1962310070750633 0.7708393893329528 -0.045537731317758866 -0.00401758157071822 0.1351324833029973 0.9897723910178134
1 49 50 2.6241032238144286 -0.07709468318492299 1.1913953320278776 0.0020073174493670802 0.003722182777521413 0.0815866920844955 0.9966572769546901
1 50 51 2.7057006637186922 0.12391589524450526 1.1067893694471493 -0.002528612274332646 -0.0018534545587920134 0.0026120326835531275 0.9999916740210513
1 51 52 2.8191811180151998 -0.40457362037281197 1.1628969296933565 -0.014325557338526758 0.007795479436295442 0.034582217706150345 0.9992687722158754
1 52 53 2.4341630680210358 -0.012015332503280775 1.152670070819131 0.0036299179695218273 0.026792932852226045 0.01385678192237342 0.9995383694683594
1 53 54 2.9261883161916655 0.17985482462298819 1.4259810473865475 -0.004378454135787123 0.01761765228318048 -0.007094266554406526 0.9998100413825943
1 54 55 3.2121649678171558 -0.40872578397975484 1.5022955553087172 -0.014446761203819719 -0.01170342416852865 0.028277785744662207 0.9994271798319427
1 55 56 3.007965557997622 0.11527167391443971 1.088972412313054 0.006363619756239582 -0.014945962300606559 0.0027905204146922683 0.999864158548711
1 56 57 2.8873961949683293 -0.09733854155931847 1.1216885892967805 -0.005977222683339611 -0.022712116467053532 0.005502910013590475 0.9997090329470685
1 57 58 2.9828324453185635 -0.0004165079117553075 1.2553361706469799 0.020012513874450924 -0.0009917104055034477 0.019501703017921847 0.999609023257742
1 58 59 2.7049026922106254 0.3122169634420868 1.1792069373011689 -0.004620282565871406 0.00946941909523455 0.008746304047615476 0.999906238232624
1 59 60 2.9134285109505353 -0.4529771758505109 1.3500102408813648 0.01015752024535004 -0.01106580962947745 0.002013374140393309 0.9998851528872105
1 60 61 2.8730253371650076 -0.24553013313526387 1.330484006122502 -0.005616787830309091 0.0012843260666325885 0.014752976674446189 0.9998745680735494
1 61 62 2.948978794931171 -0.052586239805839256 1.2120924852660988 -0.010640299832911251 0.001661528833011291 0.008339786710905605 0.9999072313464982
1 62 63 3.188772231439396 -0.3137500739975027 1.0527142803970606 -0.019857733460246305 -0.0038799229341063162 0.014716746249539692 0.9996869680053221
1 63 64 2.872485780974455 -0.11446127869436604 1.2901498523421968 -0.03957673811015109 0.0061444205335869275 0.09270227176691345 0.994888042297283
1 64 65 2.9393429496615506 0.41633362469535024 1.3317044952782042 -0.03747691426135316 0.01555139426069367 0.07191253749235457 0.9965852808392297
1 65 66 2.8917486773697703 0.14803126553684665 1.1789435713856393 -0.031004972015142063 0.012942126500885894 0.08175040225520692 0.9960863741679671
1 66 67 3.159956193002643 0.08474949974786665 1.0549564993244163 -0.06097768266687337 -0.0024328639292062085 0.1134250313849797 0.9916705933146333
1 67 68 3.3363190807602803 0.22424815389708017 1.2733436781644434 -0.049693458696040374 -0.005109968790809901 0.14359099655120564 0.9883754722225828
1 68 69 3.1643444109210317 0.255641070889801 1.5021929436969974 -0.05081734755340775 -0.005767113747645389 0.09342489344247323 0.9943118861161825
1 69 70 3.3904164232569642 -0.1335503881380944 1.3341342825479907 -0.023639252489687422 -0.004089078654738018 0.04734486572176038 0.9985904710477027
1 70 71 3.1144064545481003 0.13979605737641074 1.4189616181099862 -0.0208676757303705 -0.00544323046168501 0.020546599682930763 0.9995562758510511
1 71 72 3.2066128860628336 0.13533870828773367 1.234757004593682 -0.03226597786373797 -0.014542034718286271 0.016064315121742886 0.9992444013745678
1 72 73 2.9721081103541476 0.3250208551120113 1.2721160600382382 -0.009133672330939402 -0.002727539084059118 0.0183201612552412 0.9997867313841877
1 73 74 3.1582187572768343 0.20058910921003786 0.953196545328963 0.004828241480053554 -0.003917977689321547 0.01705765124839244 0.9998351734505666
1 74 75 2.8363993497002453 0.0451386557369133 1.3323636107104122 -0.006646820417736722 0.0005227902034758381 0.01867457385931112 0.9998033840510394
1 75 76 2.8347643880318096 -0.20821034302307578 1.130184974837086 0.0019003092712243164 -0.010750544079113434 0.0009919862445304864 0.9999399134897893
1 76 77 2.7037026665913255 0.05415333433813112 0.789623595560636 -0.004455492366167091 -0.007580687679808605 0.00561766408506267 0.9999455603243126
1 77 78 2.362713602259503 -0.04118324228401833 0.9047074356118385 0.003361293229942587 0.018356140097137662 0.017368849076277428 0.9996749856379934
1 78 79 2.508378214854248 -0.04435402492752183 0.7731243386297183 -0.013605481335913635 -0.01644945999886538 -0.006125626959380722 0.9997533610034618
1 79 80 2.2834694661370745 -0.18406979522180755 0.7317759905757291 0.008983970135743894 -0.02304904830280711 -0.0007174033320002186 0.9996937105860946
1 80 81 1.7737186636908422 0.1512039178399227 0.5871057892582883 -0.009559592804280145 -0.011472244494261985 -8.366728040292287e-05 0.9998884911786248
1 81 82 1.56372036591021 -0.15821747338188666 0.26467288019639934 0.00028111460276726807 -0.016218750766211806 -0.002443278253613511 0.9998654426919349
1 82 83 1.2374945166009508 -0.26617521244978704 0.05625073493638855 0.008535303441689993 -0.03483689626584713 -0.012190977330345841 0.9992822020457743
1 83 84 0.8021156220815551 0.3665572868097212 -0.20232563415563093 0.008670010637183317 -0.05244938755070203 0.006439774022110732 0.9985651816339538
1 84 85 0.4995044156980223 0.09087835484343086 0.022940932353792486 -0.00904033378735976 -0.001312998037221629 -0.0111109931683321 0.999896541764187
1 85 86 0.676826287251361 -0.22308994712543592 -0.20862134910110947 0.00696091579518148 0.0021388782828655733 0.03312840987151255 0.9994245740976998
1 86 87 0.5061702812285785 0.035904038401720156 0.31763132637619085 -0.02472542598964253 0.010222991936190678 0.1088141695066963 0.9937019775868776
1 87 88 0.5521690684258205 0.24262483250173328 0.40009781076134954 -0.00458231419790418 0.013614768023487179 0.1892165896678495 0.9818302922006059
1 88 89 0.6578781255577366 -0.04411669002663113 0.005598576486572415 -0.03688708942658929 -0.007689513722435567 0.2220918673904169 0.9742973963074031
1 89 90 0.377274558077021 -0.14381607192668555 0.0368348873619279 0.017931974638718238 -0.07112633966175479 0.04576953522836832 0.9962553075074964
2 0 1 0.7304433029121414 0.15710800110714185 0.1701248590917151 0.01544402839458666 -0.012935862309844481 0.009674086540617684 0.9997502475632865
2 1 2 0.36973091300728095 -0.29655879153089443 -0.0016130996371460891 -0.015662098437341693 0.009188116651786036 0.0025979962009998873 0.9998317496462451
2 2 3 0.723553937549451 0.3192833314134205 0.6408060795053506 0.015463802451125165 0.04518959868809716 0.003635998633895352 0.9988521164307035
2 3 4 1.1514647209589306 -0.08179102769309815 0.3200055571628709 -0.02843482246267426 0.026335911338534967 -0.027465177291925935 0.9988711351730052
2 4 5 1.306894339697296 0.05923232181108583 0.2686035665069209 -0.002109727895649754 0.009905876511900695 -0.016844167713895367 0.9998068296789954
2 5 6 1.5618354269516024 0.08908618163784349 0.6351148067009424 0.014564340000903859 0.019615362223182182 0.003209413668172238 0.9996963625166884
2 6 7 2.2626326937544667 0.005399595823955411 0.46499526427029414 0.021621182290715194 0.011420320101928798 0.01265337661909037 0.9996209245635349
2 7 8 1.9741257824457183 -0.06347327005447231 0.7202261137087532 -0.009185759413762377 0.024353599093569166 -0.021782146350989736 0.9994238651020527
2 8 9 2.638861164790913 0.00010929515462365647 0.9077876003062195 0.011232531538013141 -0.011001591491188095 0.005568417734683781 0.9998608842953305
2 9 10 2.7201217796873762 -0.002449119244835457 0.8325138927467065 0.008078465094700425 0.022746543210264817 -0.001046857877327398 0.9997080760213364
2 10 11 2.6784479590578543 0.23939813691283648 1.0453881474497595 -0.002226989417812823 0.006546465333030377 -0.00431319142395678 0.9999667897932994
2 11 12 2.784836099909475 -0.22629209622423385 0.9441138643385317 -0.0032472680458571386 -0.013260520903338978 -0.0036293232941146548 0.9999002159455899
2 12 13 2.747046688073594 0.14601533675105405 1.0889738583413644 -2.721863116732027e-05 4.793932929430827e-05 -0.007919861577656208 0.9999686358849249
2 13 14 2.9146064888562804 0.05299212109665555 1.021197253640633 0.010442369753690076 -0.020412705415334288 0.004142788825975997 0.9997285209857211
2 14 15 2.9089321523892333 0.008203859152967369 1.0027944128210298 -0.004660670529525044 -0.004369451376702675 0.0014616476413064378 0.9999785245849305
2 15 16 3.1130926400241834 0.3761964209775269 0.7640222558242282 -0.008125004146660541 0.028336313766770364 -0.01959589201935685 0.9993733229607911
2 16 17 2.6911000530257567 0.3894613539171786 1.115699666633164 0.0038825341198263784 0.008532091211249367 -0.004546067835794763 0.9999457298351765
2 17 18 3.2685873525449693 0.12148825452134103 0.9556540246168788 0.00461545306472137 0.00509526837578347 0.006638818820627846 0.9999543299160483
2 18 19 3.0442478602668857 0.12566470119802856 1.5136968343795212 -0.0037791626691498366 -0.003384568231083085 0.0009175365367858905 0.9999867102887482
2 19 20 3.0431462750088505 0.05177061462467581 1.3960857021167898 0.009949419832817398 0.011793094314663766 0.0006317945731207442 0.9998807592943737
2 20 21 3.089462293946871 -0.034207465873091966 1.3941057524152294 0.0020463446400077385 0.014596902137065482 0.00565534832771075 0.9998753722124111
2 21 22 3.4633571891855235 0.0368887564095607 1.3305020279368924 -0.012575069806311378 -0.011356681842150542 0.003975282158543831 0.9998485337933254
2 22 23 3.4268408858660613 -0.13284409970631939 1.8931168980837108 0.033291132558661826 0.0074347063649910445 -0.06396507069399167 0.9973689865668275
2 23 24 3.2693280321551845 -0.1723711549702484 1.51386754642343 0.1148813485052342 0.0005066385335892445 -0.1707855914459277 0.978587911655095
2 24 25 2.9349355184322627 -0.23372557481671322 1.4825649489002712 0.13566698822427173 -0.02965568719838966 -0.2545658585341663 0.9570325136544262
2 25 26 3.424381958932359 -0.056181480783748294 1.9362281386517823 0.13858733723416655 -0.025637488445382498 -0.25004642748271455 0.9579212145305519
2 26 27 3.4122790516210584 0.14142862058442884 1.7673283198073775 0.07250404657046725 0.008250354151786737 -0.15056479764882494 0.9859033099631253
2 27 28 3.787912087380037 0.10212475006539033 1.788758952789302 -0.029978529049907186 0.009180911812247854 -0.024673684939071693 0.9992037869853311
2 28 29 3.7476728127515058 0.08043323537381314 1.9556182377358975 -0.07233693827987296 -0.009421258094733712 0.09591746563087152 0.9927126709391579
2 29 30 3.509283170767692 0.07386990813296157 1.971871710387714 -0.07737661963651889 -0.023163066457104673 0.12486846618277372 0.9888802744716323
2 30 31 3.4677927874600543 0.23630343439454546 1.8747801726155613 -0.056442800598821494 -0.014900268631176997 0.08522867247835977 0.9946498206116848
2 31 32 3.2038124506838463 0.07732832890142916 1.3344038807684397 -0.014139855600625022 -0.02497203961334362 0.05234533860586308 0.9982166234076553
2 32 33 3.403955553554181 -0.18387484903646903 1.8184419987193756 0.07340244613037801 -0.011532218907502449 -0.06436882001453942 0.9951561404317827
2 33 34 3.5037608774396958 -0.41522024802343305 1.7768827481611913 0.12890560237088314 0.014255399661457906 -0.19303577349202342 0.9725828085105288
2 34 35 3.1784095454788344 -0.23073161043287344 1.6080227323592673 0.11688853603249001 -0.0013528928386100625 -0.22847308349056528 0.9665067459389312
2 35 36 3.080048210261494 0.4257288613450334 2.08721545386173 0.05182623591679243 -0.02525270312148718 -0.1274318385177461 0.99017042411281
2 36 37 3.5802993284736644 -0.029757122556746226 1.3868875265217628 0.047332416837162744 -0.0033081096016784398 -0.07563303955212468 0.9960061957916342
2 37 38 3.772886416288666 0.037677203953243345 1.2110607631884167 0.013969829312153306 0.0020737644700109365 -0.024956913414738435 0.999588763363575
2 38 39 3.3960625241983786 0.03161513922924223 1.6328563553027773 -0.0003591806154106896 -0.0006764686880881292 -0.017240324758626975 0.9998510812024042
2 39 40 3.8717782589087495 0.2281586604074044 1.2160532098878778 -0.007480119292214482 0.007455833142348696 -0.006372999690689579 0.999923918727055
2 40 41 3.4462819502366098 -0.18075546588545774 1.492529008372397 0.019316531641374035 -0.019263148945229173 -0.02535017319833603 0.9993063451298987
2 41 42 4.062746434628601 0.2657330334804556 1.8067840202488508 -0.02486862202467242 -0.009291945762186891 -0.00659163934731511 0.9996258108278624
2 42 43 3.5496662110172665 0.18091839972373658 2.061410204382255 0.00523290518517612 0.007271076684334057 -0.009585344516770825 0.9999139309548939
2 43 44 4.063569389913174 -0.05823688480338472 1.6943562077394074 -0.024443284126861968 -0.021571213173955123 -0.01317730584282818 0.9993815924030328
2 44 45 3.7042201467279927 0.2796389022692941 2.0558258684386757 0.005792946058105056 0.02334396703670878 -0.005888080082949902 0.9996933687345805
2 45 46 3.908291902962607 -0.1742786065176985 2.3596230090087102 0.0066421408192506165 0.019995261655253293 -0.006891748507472308 0.9997542574448909
2 46 47 4.1436764987624475 0.17356561289117794 2.5000437262160125 0.02442751964068227 -0.024159243016392017 0.001646267998501805 0.9994082834671504
2 47 48 4.17227072350747 -0.12766593753701674 2.6476780525177324 0.008769175993358875 0.03173432213639728 0.008197518582480473 0.9994242517770072
2 48 49 3.887623347790098 -0.16665568610861245 2.6442402788596926 0.05465971645082518 -0.006467016559084934 -0.05579395753754931 0.9969240329115544
2 49 50 3.983518809348473 -0.025842574360061654 2.330023782597688 0.11392531063392668 0.01729113591921865 -0.1653097540882962 0.9794869705202073
2 50 51 3.5367815742177906 -0.22988341899807344 2.376525036776972 0.13107689345884152 -0.012956782464682284 -0.234026496662173 0.9632666134821514
2 51 52 4.102430134361305 -0.30235008075609915 2.7642503890062895 0.11321836806512887 -0.033202440518921524 -0.16047692634298552 0.9799624253958743
2 52 53 4.222238176931085 -0.14893963532208035 2.404605659488476 0.033119565204515394 0.010363722627094606 -0.07968922713381474 0.9962154961316291
2 53 54 3.8004781899906015 0.22970060774892803 2.369033249594538 -0.03709624553035039 0.012421836417742999 0.009474546231131364 0.9991895713633508
2 54 55 4.453084283288695 0.26413636090237624 2.1788838744834593 -0.021424200457881692 -0.001092835854624273 0.023483433329281416 0.9994940408544738
2 55 56 3.774929973938227 0.059455321773575084 2.522450935326865 -0.04573524713904483 -0.007073258675070655 0.038974663716466684 0.9981679376583052
2 56 57 4.1345966772510865 -0.011192657145437233 2.423723408788781 -0.03930540103748266 0.013552256445801544 0.04595235183519749 0.99807805464068
2 57 58 3.835394372613094 0.05251818897379466 2.0785910070830536 -0.02292690370426924 0.006933614814855151 0.060966861666205734 0.9978523557374147
0 31 20 6.957904239612854 0.41134692277143126 3.5670185511960373 -0.3264362382114851 0.00022379952601650794 0.900274552751401 0.2880018436822438
0 32 21 2.517261767222839 1.2977164198616586 2.3556051780195784 -0.31275149943345554 0.012647989318251833 0.8410847522441551 0.4411382634851786
0 33 22 -0.8604557764567038 4.285400259285187 1.5452809582367235 -0.27967872392142606 0.02249341400135485 0.7862218743544689 0.5505715412176626
0 34 23 -3.1112625164827747 8.098567348102513 1.0824587682322044 -0.2355697245360182 0.04730640206554161 0.6998654095480837 0.672649550452337
0 35 24 -3.9554473500801817 12.101512295447272 0.9823061411305578 -0.14542276860017428 0.09027551040388805 0.5109322878410335 0.8424077087939694
0 36 25 -3.026999236734386 15.249348503293781 1.2145257684577981 -0.027274455608611806 0.10231759508310238 0.21193277702270474 0.9715306026220217
0 37 26 -1.038336492812177 16.369892390989254 1.6125994206202598 0.0929336081881639 0.09035043369450711 -0.07018657142464561 0.9890773421689512
0 38 27 0.7720182372323944 15.418517850227799 1.8938998150443873 0.13662011714062539 0.09483038168761547 -0.23636295261902093 0.9573268495820441
0 39 28 2.114784657952075 13.291415090013983 2.005182252844868 0.12262042066411684 0.09497089138633348 -0.2795538018558603 0.9475201497030946
1 2 0 -0.12505348089509324 -0.0004486045307164339 0.07636436750051417 -0.010179121447653554 -0.02939224660237044 0.00012810919451708343 0.9995161153849664
1 3 0 -0.5247364811981708 -0.023038287351853315 0.07991088544799949 0.01328031282886952 -0.053316389303997305 8.60485972667187e-05 0.9984893532323671
1 4 0 -1.1884498403061088 -0.012235089308827073 0.10200101067871811 -0.007099840735617059 -0.045872143147510494 -0.0004998100410442617 0.9989219633857823
1 5 0 -1.909965922231636 0.06902281280615695 0.12513192208051632 -0.011445968822351183 -0.046307961428028115 -0.0010777978859759063 0.9988610518274377
1 6 0 -2.648765664574829 0.2026888233642889 0.1535525717993354 -0.001677277652777743 -0.04667348892353956 -0.00098795300936024 0.9989083021580265
1 7 0 -3.385952991083051 0.38140897749393465 0.16915234354705289 -0.01853708054457956 -0.04657862424798366 -0.0025352913978525103 0.9987393957913029
1 85 0 2.453442083852388 11.308101592273156 0.7668743855599278 -0.024023820691165352 -0.02700765091612898 0.677570276530296 0.7345692364876502
1 86 0 2.3495588671235446 11.237240664533745 0.6789112826534895 -0.02739875467500031 -0.02690671410897167 0.6609701013791238 0.749429024031621
1 87 0 4.47189933356644 10.409381537323242 1.0281981999221286 -0.017075978170274973 -0.036747171339754026 0.5611403357530329 0.8267282382736352
1 88 0 7.469005092644868 8.126471954431697 1.2467921576465155 -0.0077499215999096895 -0.041046675950244235 0.39203404307436074 0.9190018597257578
1 89 0 9.546990810387863 4.507537314865156 1.3373000213445285 0.006879849407117151 -0.04318938377218929 0.19061521870721587 0.9806901565727649
1 90 0 9.686031426664053 3.6426482359970804 -0.04430481305551226 0.005343774051260002 0.019973467081811296 0.14526344026755608 0.9891769495966103
2 2 0 -0.9838186544530614 0.010590497729871556 -0.0069239891070438375 0.003119170902381273 -0.004665075836938212 0.0013242402118998345 0.9999833769759268
2 3 0 -1.6004665358640278 -0.038653603401837905 -0.13444101723654994 -0.005904185631841463 -0.03597200626635897 0.0021574870449980383 0.9993330278775182
2 4 0 -2.525786197871921 -0.10283772002733259 -0.3459167088927665 0.00012251987114203028 -0.058104037417549666 0.0031734091206633355 0.9983054819539028
2 5 0 -3.7748249741263806 -0.18754769269408242 -0.70963622570798 -0.0001595667806703257 -0.08164785601794172 0.004965804719013875 0.9966488563830335
2 6 0 -5.358231214190789 -0.2842702189417444 -1.2735802848254212 -0.0021612472385813862 -0.10441583514453441 0.006327176175417523 0.994511251431118
2 7 0 -7.280059246732646 -0.3780062490079868 -2.0192414747173943 -0.0030021838201359143 -0.12161697124476831 0.0070529135323247946 0.9925475079855194
2 54 0 22.973499993663715 -6.83080306918496 13.480515613058868 0.18653597122035387 -0.16809742291481064 -0.6564378912532369 0.7113626942546833
2 55 0 18.288407676032108 -8.750873662096396 10.593270841019754 -0.19877098585058925 0.15381488483649516 0.6850552825456349 -0.6837619002569834
2 56 0 13.193274465794477 -10.708560588941612 7.453535024480249 -0.21615680056375938 0.1348969559299048 0.7231434968484476 -0.6419832800133379
2 57 0 7.787062240599799 -12.01063628520241 4.1550193169876835 -0.2343796936214675 0.11549231376562927 0.7623266149292308 -0.5921028769137242
2 58 0 2.317445480399489 -12.442071240024536 0.7875688353383319 -0.2536715404265135 0.09631400594626041 0.7984595815084391 -0.5374352598533071
