0.0 95.97116363520668 0.5345627518142058 4.20050249700113 -0.03228576380398491 -0.004091710952369282 0.9984105541225795 0.04601361509074583
1.0039999999999054 95.21991063730641 0.44454758448887766 4.321700736506921 -0.03232498990330855 0.005373601671516289 0.9984031950315241 0.04601390641611992
2.0039999999999054 94.87342062323657 0.7672200734603993 4.29984205473727 -0.03708099398946313 -0.007033953187580258 0.9981696461581626 0.04725336893594589
3.0039999999999054 94.09464196145828 0.49353600035763684 4.895413546568006 -0.0678985600704115 0.0033913652863357827 0.9965081428608799 0.048474791323117744
4.003999999999905 92.91647221738486 0.6532177305255414 5.041639849399692 -0.09023539209873821 -0.0016359817311327437 0.9946962748513817 0.0493377986268848
5.003999999999905 91.58360481120859 0.7374141789643353 5.043783361332943 -0.11366798986050491 -0.0003220976618807525 0.9922008318467102 0.05115655986151385
6.003999999999905 89.92317982013718 0.8652082907623564 5.321802390080854 -0.1362330914153305 0.0026888318055063977 0.98927709158146 0.05257519433222573
7.003999999999905 87.63896369224453 1.1855564082995864 5.197342665908904 -0.15330182224397554 0.004304522305193057 0.9867311646525164 0.05330695159066096
8.003999999999905 85.56822573358824 1.518052492110595 5.343690800938514 -0.1717092551867052 0.0054778760760758275 0.9836084435813457 0.054775489704837456
9.003999999999905 82.81474826834251 1.9718834053227987 5.351810952034567 -0.16650355032112474 0.0031339839991320053 0.9844375947245432 0.056119229927985424
10.003999999999905 80.00678430702325 2.426604065552618 5.325064191045297 -0.18625681188734666 0.006309706788573602 0.9808327432117704 0.05688336724805442
11.003999999999905 77.132671058051 2.6704407782879596 5.39024091826861 -0.18846727873469338 0.006346649233554444 0.9804072893088384 0.05693287240199058
12.003999999999905 74.27706766425726 3.3979887904675543 5.271605542701326 -0.18548729485413243 -0.00032981410550033774 0.9809237308568313 0.05816346716167
13.003999999999905 71.34541807606863 3.779323434518156 5.387642737142489 -0.1843815183901235 0.0007599815346689567 0.9811261275290228 0.05826147941927779
14.003999999999905 68.30429417672401 4.3197949965293985 5.381405741325177 -0.18294382319867755 0.001714234192642169 0.981394417899372 0.058254746334841366
15.003999999999905 65.28454899167367 4.9011252585935825 5.485060691364378 -0.18534748156419753 0.0013611382695613026 0.9809063715098709 0.05888249919763748
16.008000000000038 62.06789459651535 5.120564379005357 5.338157612889674 -0.20427109669253765 0.007381582645095967 0.9769477184135897 0.06157910993318268
17.003999999999905 59.14249356600517 5.370473417909909 5.472543887037636 -0.1974467355038526 0.00685334282060873 0.9782580866637824 0.06307879364707672
18.003999999999905 55.80908307960155 6.024489959257622 5.203593734132007 -0.19705684455557532 0.011515127690476409 0.9782607711451364 0.06357566740974602
19.003999999999905 52.4778638830382 6.647077385456846 5.503390864644885 -0.19703590739696508 0.01106530355917082 0.9782091805340627 0.06450743656568059
20.003999999999905 49.20345999496598 7.314733618593039 5.715497129110962 -0.21098738931441732 0.014027534896130496 0.9753452254724401 0.06316043827539097
21.003999999999905 45.90747350927831 8.097935803654785 5.8275046683078084 -0.22380358697691427 0.015065233834619903 0.9724419969586463 0.06357323129159832
22.003999999999905 42.27733382992223 8.840167318021635 5.633551751284326 -0.21796206507740937 0.018925258762988683 0.9735620726220277 0.06566021260890738
23.003999999999905 38.48719737528367 9.735729557410199 6.054991583622717 -0.2167082331003801 0.04757503050332962 0.9663707600013015 0.130006585962502
24.003999999999905 35.1496133923948 11.101845390716317 6.1203615474407 -0.2091253487702808 0.118106717375864 0.9168321178351554 0.31896121945827505
25.003999999999905 32.90875003787449 13.518567095476454 6.187149252114525 -0.16964200934175278 0.17596713104887338 0.7760924057149282 0.5813241223693857
26.003999999999905 32.09096142171027 17.357739536768793 6.452675728468757 -0.10180153271980669 0.21775135982302632 0.5813087099211651 0.7773679804319907
27.003999999999905 33.28753190737164 21.01204641606487 6.489554931538354 -0.0850623581365788 0.23260466374058175 0.44140580207785657 0.8624502208976349
28.003999999999905 35.8245702082893 24.323919806389622 6.09802288480997 -0.09836353835824771 0.22321278181725807 0.4114194787815618 0.8781996816408866
29.003999999999905 38.470248285474476 27.606138954904182 5.776481780779811 -0.13211377405958782 0.20275455191994285 0.4965887546694996 0.8335683242034039
30.003999999999905 40.19607836795097 31.24288412230214 5.710162160642526 -0.15417852303125218 0.17136586887151722 0.6106551909693687 0.7576034317266359
31.003999999999905 40.621020714362395 35.16828306257811 5.793192199819771 -0.17255131703211485 0.14241105356258071 0.6941853230537667 0.6841431663551248
32.003999999999905 40.42158054472171 38.62955027339438 5.617463657233921 -0.17261126976761992 0.13848716564055866 0.7214933238160429 0.656105203599951
33.003999999999905 40.05843752584017 42.45857475180347 5.983733182268072 -0.13834314372971868 0.16947594681285016 0.6584749101614149 0.7201040693696867
34.003999999999905 40.63001807035318 46.35540778727527 6.290406324470691 -0.0758348871321663 0.22372527335425743 0.4763312901271786 0.8469383531296668
35.003999999999905 42.530698835055944 49.37628064176389 6.23562265600271 -0.03421112136678546 0.24073608729909993 0.25208208982851293 0.9366591458126252
36.003999999999905 45.49903153093382 51.64984308554436 6.446158193548838 -0.01568421466374272 0.2275481934890467 0.11021338763582664 0.967382465334207
37.003999999999905 49.13396472292531 52.703356640066374 5.797886908336775 -0.002983758382212015 0.2221299164507329 0.03973028430523554 0.9742027006288436
38.003999999999905 52.95273416669509 53.19604739529891 4.861395899791282 0.0035454919824820675 0.22179698681713503 -0.002421718180998651 0.9750834125378678
39.003999999999905 56.69170514433577 53.40269019576214 4.439667499368385 0.004987872341758341 0.22323740725145788 -0.019732176775700598 0.9745516006517262
40.003999999999905 60.61275767409291 53.74191241357026 3.423899801719691 0.008645181549524846 0.22251130029298735 -0.03185896793814198 0.9743710731748024
41.003999999999905 64.31491705428806 53.61562591694372 2.779506828286454 0.010997195036484535 0.22133660395032273 -0.04010506859489141 0.974310398654385
42.003999999999905 68.7365948368971 53.654209184342214 2.2426008297585245 0.011122612871663433 0.2301137856676722 -0.04535347181437041 0.9720426923355697
43.003999999999905 72.84537899954364 53.64509418587362 2.251729318983399 0.013370029940007933 0.22739742439643854 -0.047988664138150006 0.9725269876931463
44.003999999999905 77.18880753642861 53.303987976820515 1.6152501133412807 0.013418381881905358 0.22825782840264913 -0.0508562989575883 0.9721789689439464
45.003999999999905 81.43437059736233 53.301787292446406 1.6477195613354383 0.01766522006856903 0.2445886711164317 -0.05287424072332278 0.9680230558356342
46.003999999999905 85.96973513132764 52.75100169174658 1.6542878341406826 0.02174723703876186 0.25656354707978263 -0.05511167430671191 0.9647097529029812
47.003999999999905 90.79760164826173 52.428724999216186 1.4587342366667138 0.021957948564430188 0.25277048631870414 -0.05592041775265426 0.9656592756347427
48.003999999999905 95.68215815444869 51.68589423899522 1.612522569011163 0.026564027490430894 0.2518839978337308 -0.05880531437376686 0.96560382097431
49.003999999999905 100.3299926816366 50.95720552096443 1.605963267695324 0.06315389599022089 0.24913875633271104 -0.12693449168969073 0.9580339766071589
50.003999999999905 104.76203382268923 49.70462841828027 1.3124284377317157 0.1395007167732518 0.2441420199300664 -0.3164131999028646 0.9059894651989315
51.003999999999905 107.93684205720939 46.86709686716623 1.032162651485979 0.18353314965190998 0.21314964756339877 -0.5445741811171702 0.7901403495474787
52.003999999999905 109.36047353075973 42.12533125793662 0.805532718743732 -0.2078798282553237 -0.15682678871323866 0.6963884860290701 -0.6687558686640215
53.003999999999905 109.00589417099908 37.28279343590286 0.569508281126228 -0.21609654768898748 -0.14632264729938435 0.744598099487112 -0.6143823200616878
54.003999999999905 108.28389703818844 32.85875314912543 0.4458027409814833 -0.20206627757412965 -0.16022180409235953 0.7342466972433175 -0.6279967997912126
55.003999999999905 107.71983779041702 27.990683947390856 -0.3485536033845871 -0.18759539944847425 -0.17205769423163814 0.7084176233492334 -0.6582921744101802
56.003999999999905 107.35421053316206 23.466650278972537 -0.474355194494152 0.1683145150506209 0.1888857043035868 -0.6689976264495829 0.698880955912977
57.003999999999905 107.41581700911722 18.691202659743656 -0.8752975837998771 0.14832911578231092 0.2065033577074393 -0.621551393346973 0.740964710425016
58.003999999999905 108.00605449855392 14.426250165735446 -1.5791076848133356 0.12845183834147286 0.22525673992822579 -0.569173525576936 0.780257024400245
