0 94.9762 2.55143 2.07792 -0.0420562 -0.0582697 0.996165 0.0499095
1.004 94.3162 2.44425 2.01762 -0.0687955 -0.0326763 0.995355 0.0588862
2.004 94.0808 2.77415 1.83555 -0.0905563 -0.0620994 0.991991 0.062433
3.004 93.3777 2.5567 2.05952 -0.0817065 -0.0400197 0.995243 0.0348461
4.004 92.3573 2.70501 2.07116 -0.0825543 -0.0620795 0.993202 0.0536673
5.004 91.1119 2.77131 2.06025 -0.0969082 -0.0636257 0.991486 0.059298
6.004 89.5163 2.81197 2.33184 -0.0960077 -0.053941 0.992217 0.0581299
7.004 87.3247 3.03454 2.35431 -0.117576 -0.0378977 0.990366 0.062563
8.004 85.2564 3.31604 2.6078 -0.143498 -0.0473428 0.985597 0.0759313
9.004 82.4929 3.68176 2.74658 -0.134125 -0.0355085 0.988277 0.0637014
10.004 79.6681 4.00831 2.83837 -0.158042 -0.0255681 0.98534 0.0589396
11.004 76.787 4.07038 2.98745 -0.166388 -0.027452 0.984118 0.0554282
12.004 73.8837 4.59053 2.99066 -0.155154 -0.0312677 0.986092 0.0507126
13.004 70.9327 4.69687 3.18184 -0.156564 -0.03179 0.985825 0.0512563
14.004 67.8525 4.92014 3.25647 -0.137552 -0.0209791 0.989421 0.0410569
15.004 64.7878 5.13472 3.43315 -0.134827 -0.0246081 0.990049 0.0319265
16.008 61.5674 4.94649 3.32062 -0.163822 -0.033621 0.984935 0.0439918
17.004 58.6379 4.76439 3.48195 -0.173036 -0.0294476 0.983556 0.0425289
18.004 55.2399 4.90895 3.26544 -0.179129 -0.0228358 0.983096 0.0302229
19.004 51.8545 4.93781 3.60536 -0.176812 -0.0257246 0.983663 0.0219554
20.004 48.5152 4.9854 3.8541 -0.188965 -0.0148456 0.981726 0.016898
21.004 45.0589 5.04636 3.9935 -0.18201 0.00891988 0.981045 0.0659047
22.004 41.3385 5.52595 4.02775 -0.194308 0.00788746 0.978747 0.0650944
23.004 37.5361 6.15666 4.45975 -0.191875 0.0298287 0.972499 0.128606
24.004 34.0629 7.26472 4.61851 -0.180691 0.10589 0.926355 0.313057
25.004 31.5701 9.49033 4.78498 -0.132813 0.179364 0.76494 0.604198
26.004 30.8951 13.342 5.07713 -0.0748047 0.221171 0.571488 0.786695
27.004 32.081 16.9999 5.19236 -0.0584739 0.242159 0.440364 0.862565
28.004 34.5152 20.3982 4.99507 -0.0884849 0.233345 0.415205 0.874829
29.004 37.1552 23.6991 4.90471 -0.126501 0.202084 0.515327 0.823163
30.004 38.8461 27.3505 5.02729 -0.152937 0.157036 0.631877 0.743426
31.004 39.2153 31.2768 5.23507 -0.172288 0.122966 0.70337 0.678577
32.004 38.974 34.7384 5.13398 -0.158394 0.105427 0.743613 0.640966
33.004 38.5362 38.5525 5.56729 -0.109399 0.142478 0.692256 0.698937
34.004 39.0387 42.4487 5.98249 -0.0540279 0.217046 0.517125 0.826168
35.004 40.9068 45.4885 6.08087 -0.00467343 0.256838 0.283817 0.923829
36.004 43.8445 47.7756 6.48114 0.0176719 0.245004 0.1478 0.958027
37.004 47.5047 48.8455 6.03539 0.044965 0.24877 0.0607065 0.965612
38.004 51.3672 49.3409 5.30399 0.052203 0.251923 0.0308626 0.965845
39.004 55.1242 49.5247 5.08259 0.0476275 0.251243 0.0120126 0.966677
40.004 59.0979 49.8297 4.28566 0.0388394 0.257506 0.00591561 0.965478
41.004 62.8278 49.6503 3.84956 0.0511543 0.238445 -0.0262797 0.969452
42.004 67.2731 49.6045 3.57517 0.025278 0.228805 -0.0290815 0.972709
43.004 71.3716 49.4962 3.83928 0.0284378 0.234323 -0.0411381 0.970872
44.004 75.7363 49.0415 3.48426 0.0007018 0.212811 -0.0503352 0.975796
45.004 79.9671 48.9101 3.8095 0.00626556 0.233351 -0.0586621 0.970601
46.004 84.4692 48.21 4.14129 0.0122101 0.250377 -0.067868 0.965689
47.004 89.2834 47.7201 4.31462 0.0344118 0.223084 -0.0734617 0.971418
48.004 94.109 46.7989 4.85866 0.0468019 0.25068 -0.0668018 0.964628
49.004 98.7098 45.8972 5.24498 0.0847376 0.240354 -0.134505 0.957579
50.004 103.1 44.48 5.34526 0.154795 0.248325 -0.315496 0.902682
51.004 106.181 41.5277 5.35545 0.205819 0.220198 -0.548619 0.779851
52.004 107.455 36.7391 5.25796 0.237321 0.158921 -0.692798 0.662158
53.004 106.978 31.9093 4.97914 0.253729 0.159507 -0.743553 0.597753
54.004 106.163 27.5041 4.77899 0.242564 0.190371 -0.725551 0.615222
55.004 105.599 22.6248 3.9376 0.225982 0.196151 -0.704334 0.643716
56.004 105.172 18.0094 3.84056 0.217115 0.214281 -0.66055 0.686016
57.004 105.283 13.1921 3.40529 0.202421 0.233225 -0.611901 0.728154
58.004 105.991 8.88673 2.83237 0.178074 0.247486 -0.551056 0.776774
