0 -0.861758 2.11237 5.23944 -0.0421551 0.0253589 -0.00424628 0.99878
1.004 -0.853816 2.37774 5.29689 -0.0516266 0.028252 -0.0204071 0.998058
2.004 -0.760629 2.23987 5.17338 -0.0280979 0.0652166 -0.01463 0.997368
3.004 -0.313385 2.15224 5.08976 -0.062501 0.0809298 -0.0125651 0.994679
4.004 0.185518 2.02915 5.05519 -0.033766 0.0656382 -0.02215 0.997026
5.004 1.0586 2.06014 4.80088 -0.0291617 0.0746728 0.000443415 0.996782
6.004 1.70302 1.93437 4.77003 -0.0341101 0.0678584 0.00647162 0.997091
7.004 2.53114 1.82313 4.6138 -0.0206567 0.0680606 0.0146335 0.99736
8.004 3.58268 1.71213 4.54782 -0.0486448 0.0560098 0.0162522 0.997112
9.004 4.63275 0.952001 4.66682 -0.0306176 0.081993 0.0164624 0.996026
10.004 5.51831 0.965514 4.47703 -0.0306117 0.100283 0.0283826 0.994083
11.004 6.74942 0.871069 4.0227 -0.0286319 0.0955294 0.0304206 0.99455
12.004 7.75414 0.810374 3.98372 -0.0227831 0.091066 0.0391541 0.994814
13.004 8.92264 0.108617 3.71283 -0.0363093 0.0965857 0.0446605 0.993659
14.004 10.1869 -0.0472031 3.46703 -0.0243145 0.111916 0.053073 0.992001
15.004 11.0801 -0.158896 3.59088 -0.020207 0.126514 0.0435498 0.990802
16.004 12.2217 -0.270904 3.32633 -0.0130051 0.121697 0.0408023 0.991643
17.004 13.7519 -0.152193 3.19246 -0.0261501 0.115574 0.0396191 0.992164
18.004 15.271 -0.326736 3.02363 -0.0354821 0.111328 0.0531035 0.991729
19.004 16.6211 -0.161969 3.20759 -0.0379793 0.10129 0.0535004 0.992691
20.004 17.7975 -0.0492587 3.18578 -0.0245499 0.138812 0.0728869 0.987328
21.004 19.6472 0.0615926 3.24038 -0.0208279 0.152445 0.0713695 0.985512
22.004 21.5498 0.37735 3.55313 -0.014544 0.153604 0.0559837 0.986438
23.004 23.6879 0.503437 3.4894 0.00139307 0.147798 0.055734 0.987445
24.004 26.0863 0.415428 3.47298 0.00536981 0.146206 0.0535226 0.987791
25.004 28.1503 0.313694 3.10187 0.00441858 0.152153 0.0410009 0.987496
26.004 30.4988 0.30977 2.96445 0.0219231 0.152559 0.0414451 0.987182
27.004 32.6521 0.54251 2.68469 0.0151014 0.150389 0.0600931 0.986683
28.004 34.751 0.506955 2.69834 0.00849925 0.153765 0.0651307 0.985922
29.004 37.2295 0.712869 2.70506 0.0131172 0.15132 0.0923804 0.984071
30.004 39.7135 0.630177 2.58425 0.004823 0.16392 0.1172 0.979475
31.004 41.8799 1.24123 2.5101 -0.0255944 0.147768 0.229635 0.961653
32.004 43.6492 1.86201 2.50797 -0.0633366 0.144198 0.36307 0.918355
33.004 45.1691 3.6069 2.51096 -0.0855924 0.115021 0.480202 0.865361
34.004 46.1136 5.47112 2.49317 -0.0734896 0.117214 0.546798 0.825756
35.004 46.691 7.30716 2.54879 -0.0760896 0.107276 0.595232 0.792717
36.004 46.9112 9.58151 2.76215 -0.076783 0.0967548 0.641696 0.756948
37.004 47.2136 11.7776 2.98735 -0.0817253 0.104833 0.654273 0.744485
38.004 47.2539 13.9786 3.40752 -0.0820873 0.0995454 0.659537 0.740516
39.004 47.4146 16.4587 3.31516 -0.0817141 0.108412 0.664205 0.73512
40.004 47.7455 18.5125 3.73083 -0.0912849 0.128979 0.680685 0.715332
41.004 47.907 20.9809 3.89898 -0.0958967 0.139864 0.674429 0.718601
42.004 48.537 23.9182 3.99007 -0.100666 0.126605 0.661825 0.732001
43.004 48.7745 26.642 4.17469 -0.110509 0.123546 0.662891 0.730137
44.004 49.4838 29.5184 4.56976 -0.111286 0.119067 0.677279 0.717448
45.004 49.4917 32.6002 4.99105 -0.110592 0.105203 0.695285 0.70234
46.004 49.66 35.408 4.75896 -0.141175 0.0758532 0.772246 0.614778
47.004 49.3483 38.3429 4.98755 -0.163486 0.0612704 0.842901 0.508956
48.004 47.7102 40.5539 4.98699 -0.186843 0.0406001 0.91368 0.358652
49.004 45.9523 42.4284 4.80524 -0.192631 0.0227936 0.954624 0.225982
50.004 43.399 43.7624 4.91818 -0.193682 0.0415878 0.96859 0.150302
51.004 40.5791 44.5425 4.89186 -0.192589 0.0397147 0.968964 0.149801
52.004 37.799 45.8596 4.87127 -0.201196 0.0339653 0.972144 0.115339
53.004 35.1877 46.5137 4.95643 -0.226636 0.043696 0.967461 0.103659
54.004 31.973 47.055 4.9275 -0.244751 0.0399833 0.962437 0.110515
55.004 28.6247 48.2699 4.69395 -0.234145 0.0319329 0.968238 0.0816853
56.004 25.4787 48.6964 4.28444 -0.219322 0.037724 0.97145 0.0822219
57.004 22.4543 49.3285 4.04308 -0.197745 0.0313873 0.976685 0.0774507
58.004 19.2618 49.8587 4.03106 -0.194752 0.0547925 0.977281 0.0631811
59.004 16.2978 49.9826 4.0911 -0.203994 0.0526272 0.976074 0.0538112
60.004 13.1711 50.8424 4.10795 -0.192681 0.0623402 0.977741 0.0548571
61.004 10.0688 51.5142 4.20237 -0.193445 0.0596861 0.978501 0.0393902
62.004 6.90181 51.8857 4.17948 -0.195093 0.0508335 0.979038 0.0289574
63.004 3.58613 52.4317 3.89139 -0.19114 0.0339893 0.980918 0.010495
64.004 0.445187 52.659 3.9979 -0.193501 0.0125791 0.976987 -0.0888622
65.004 -2.66381 51.7118 4.1492 -0.203798 -0.0117943 0.964583 -0.167055
66.004 -5.56435 50.5471 4.08825 -0.211217 -0.0274421 0.943896 -0.252378
67.004 -8.40445 48.8374 3.74836 -0.194741 -0.0604776 0.905819 -0.371364
68.004 -10.8033 46.1871 3.59673 0.177864 0.0751977 -0.839305 0.50821
69.004 -12.2416 42.9905 3.81419 0.152943 0.098118 -0.783469 0.59427
70.004 -13.3712 39.5243 3.84856 0.139803 0.107043 -0.751689 0.635579
71.004 -13.815 36.1377 4.1035 0.124244 0.116524 -0.735975 0.65523
72.004 -14.0721 32.7097 4.18933 0.0938 0.128766 -0.722103 0.673193
73.004 -13.9259 29.4752 4.45956 0.0876393 0.131857 -0.707892 0.688348
74.004 -13.7878 26.174 4.38653 0.0900281 0.124271 -0.696252 0.701202
75.004 -13.6787 23.07 4.8041 0.0876432 0.127588 -0.681421 0.715335
76.004 -13.7051 20.02 5.03416 0.0814108 0.118508 -0.681168 0.717871
77.004 -13.4855 17.2116 5.02881 0.0733091 0.115599 -0.676549 0.723564
78.004 -13.3282 14.698 5.27204 0.0897353 0.125259 -0.662208 0.733306
79.004 -13.0924 12.0837 5.25103 0.0676544 0.122639 -0.665764 0.732899
80.004 -13.0189 9.68205 5.34969 0.0583714 0.0996604 -0.668234 0.734931
81.004 -12.6739 7.84723 5.51574 0.0432557 0.0974691 -0.667467 0.736965
82.004 -12.6674 6.25421 5.46993 0.0319775 0.085255 -0.669456 0.73725
83.004 -12.8166 5.00344 5.3345 0.013471 0.0539887 -0.679355 0.731697
84.004 -12.4069 4.25422 5.03569 -0.0159002 0.00932406 -0.674401 0.738135
85.004 -12.2705 3.76533 5.05915 -0.0239741 0.0140275 -0.682006 0.730819
86.004 -12.3899 3.0651 4.87388 -0.0151965 0.00598927 -0.662196 0.749153
87.004 -12.2882 2.57356 5.19276 -0.0325432 0.0305894 -0.566899 0.822576
88.004 -11.8967 2.15061 5.55836 -0.0361775 0.0609317 -0.402971 0.912465
89.004 -11.4861 1.63343 5.51577 -0.0549474 0.0646561 -0.197706 0.976582
90.004 -11.1847 1.35936 5.52967 -0.0504445 0.000974141 -0.142116 0.988563
