0.0 -0.7000771795689844 1.8390431870321264 3.252415841727482 0.0024235582015996945 0.0017117614027924728 0.011033941310237693 0.9999347220582478
1.0040000000001328 -0.669923914272885 1.8328591164658588 3.2285603206751268 -0.006423613370782838 0.002301119768670608 0.0101455486898556 0.9999252521468065
2.004000000000133 -0.5800916977251903 1.8441469867736648 3.1684662953995306 0.012276310838267803 0.031213887353526076 0.010954310917090128 0.9993773003729949
3.004000000000133 -0.1879044605126923 1.8710991184116101 3.1148789008159348 -0.011447986061267602 0.05487575880725257 0.011083178041766588 0.9983660440314281
4.004000000000133 0.47264873778672056 1.8816051754349745 3.0382445868427364 0.009015027810021286 0.047656192677012134 0.011620844307392547 0.9987555119000342
5.004000000000133 1.1899888975537036 1.8222231086170295 2.942965878454668 0.013356905151707598 0.048138432377208655 0.012191739024565116 0.9986769477226307
6.004000000000133 1.9254815135135204 1.702383443113534 2.842066769808804 0.003584779174188765 0.04839644747237442 0.012120028915872215 0.9987482356076554
7.004000000000133 2.6618562914147668 1.5636988252388075 2.7421690383347816 0.020446767543742073 0.04848357987295829 0.013636312724450577 0.9985215686979405
8.004000000000133 3.4061452200584807 1.4067311925912036 2.6454880386559307 0.005174426093654452 0.04834117511064003 0.012933512173303205 0.9987337384740672
9.004000000000133 4.159856569210841 1.2313874021727351 2.570483458891056 0.017661960485641656 0.06520442598214161 0.01391966348126739 0.9976185047164629
10.004000000000133 5.108183707605504 1.0575287197955259 2.4993122160565253 0.011568157575826837 0.08148915398553878 0.014008846335705188 0.9965086290330679
11.004000000000133 6.23989791120126 0.9023977055126727 2.4223068591212407 0.006699037197091624 0.07581754039760724 0.013963807858270456 0.9970014220344856
12.004000000000133 7.396329057977613 0.7642687173461118 2.3509181592420405 0.01215306773778767 0.07511917623382777 0.014475964038024782 0.9969954156221991
13.004000000000133 8.545428596268998 0.643956104797735 2.2872619354920345 0.00590145055756768 0.07518203536689166 0.014192505812682747 0.997051356359423
14.004000000000133 9.690155733633533 0.5434876411772188 2.2470175942535517 0.006511885740413995 0.07490575983002455 0.014694233420353439 0.9970610823778947
15.004000000000133 10.853205835148213 0.47267720512055167 2.238040587136611 0.003650544565036314 0.09149778012270432 0.014340748775525837 0.9956953212110385
16.004000000000133 12.161748892663018 0.4176370527107643 2.251721133510477 0.0035071482182815715 0.0895114384588654 0.0141524087478346 0.995879064757882
17.004000000000133 13.53291045365683 0.37269193097404035 2.2960762273762345 0.004773594443812606 0.088942418913151 0.013775179408339226 0.9959300695060028
18.004000000000133 14.890947385085699 0.332640884899846 2.328174708239885 0.0024036417156623256 0.08786279091258395 0.013362441505247903 0.9960400582489508
19.004000000000133 16.234747509108633 0.2981942405507085 2.357619619766377 0.004033688107926892 0.08934355143549925 0.01292974132875371 0.9959087714074576
20.004000000000133 17.690075135379274 0.25789770898778597 2.393826379889558 0.004987320159457949 0.11980736551457032 0.01270619822982239 0.992703316370319
21.004000000000133 19.475531879747216 0.21077938099295132 2.4251275540978607 0.004856944508444945 0.13949459416156398 0.011940857848258322 0.9901389216688686
22.004000000000133 21.587034179018247 0.15687918754843172 2.435535193552845 0.00608995830869595 0.14836863633008562 0.011301221669884003 0.988848796606497
23.004000000000133 23.88675935193875 0.08435340480781908 2.4132816371736032 0.009517605056244766 0.14442114485684895 0.011437322600489257 0.9894044348818953
24.004000000000133 26.190396674059194 -0.008347531333125257 2.375724701664628 0.009207161929929519 0.14494544974724766 0.011068660906047894 0.9893348924972327
25.004000000000133 28.47678993291336 -0.11687958311764826 2.3312834222374463 0.009361358793393252 0.14111742267667743 0.011177651682899662 0.9898854974599282
26.004000000000133 30.748263087021094 -0.23787435399289347 2.2846979629738384 0.010667184565491978 0.14372586604662074 0.01005064174802129 0.9895090051146819
27.004000000000133 33.028823818908535 -0.363618921421673 2.242587108367111 0.007491394406651882 0.142313298263686 0.018270249853428996 0.9896246773991888
28.004000000000133 35.28990248238054 -0.4368895657291911 2.2159064950358522 0.0016094678728989932 0.14271135906601665 0.037856717258265456 0.9890387993224151
29.004000000000133 37.55968756646907 -0.4003428994790711 2.2092033979091643 -0.005576906451939709 0.1414607964417615 0.062159847136508906 0.9879746426849499
30.004000000000133 39.821523375998446 -0.21873573324841644 2.2239091494714134 -0.015931017604778188 0.14064788056345168 0.09644459776349996 0.9852222165244356
31.004000000000133 42.00887978347784 0.22697515607409732 2.2625437135898485 -0.05255725214750355 0.13246726944578688 0.21950761099762725 0.965145878345028
32.00400000000013 43.90442616260027 1.2586151832000907 2.3092504675397936 -0.07921740478761194 0.12173668569954885 0.3736298892945197 0.9161361732621247
33.00400000000013 45.27870045434373 2.9163035682476854 2.3502528341304116 -0.09462066328356092 0.10986084132534853 0.4840017941123445 0.8629714878946448
34.00400000000013 46.15270320940033 4.93499190213131 2.3851006390609673 -0.10272367442170692 0.10183227647604041 0.5580861947320618 0.8170788416245386
35.00400000000013 46.64247491599741 7.138241793656832 2.4105536598428787 -0.10736163022460007 0.09717899431653203 0.6110823499114051 0.7782082530055169
36.00400000000013 46.880536295393526 9.421188804842274 2.4322184134376985 -0.10684239882891983 0.09669256243329287 0.6433538417271144 0.7518850208093849
37.00400000000013 46.9991132419827 11.704702095005858 2.4587604358473456 -0.10512848530191853 0.0982593867183768 0.6589542992585433 0.7382901367271102
38.00400000000013 47.086710374996905 13.997809564081566 2.4924736245392904 -0.10242272373505402 0.10069288404204074 0.666265878885756 0.731751533922943
39.00400000000013 47.178882145993065 16.29719305300561 2.5325495807824456 -0.09941379256700916 0.10514467341693935 0.6720444240390271 0.7262353527731497
40.00400000000013 47.291163945647284 18.618722759540663 2.570747335973483 -0.1142830688942904 0.11889211259732957 0.674538841436364 0.7195841834837218
41.00400000000013 47.43617719038272 21.218975845794176 2.6214074679937704 -0.12349767984139909 0.13343614190044004 0.6747156129587121 0.7153334612180995
42.00400000000013 47.614741602529215 24.090246106087974 2.669203899646689 -0.11754603344454057 0.13214431088209672 0.6777391684236233 0.713715931381251
43.00400000000013 47.821910644369 26.990443089241364 2.7154161958762306 -0.11591211642961839 0.13398560049979308 0.679013286714618 0.7124276781460196
44.00400000000013 48.04782760404955 29.910688335330843 2.7571927278010757 -0.11533137389359284 0.13366393307216276 0.6836427310958182 0.7081421067916718
45.00400000000013 48.24775259400824 32.84350912566977 2.8015109651339865 -0.12216683127101921 0.12625565703951883 0.7044190262538268 0.6876980513672609
46.00400000000013 48.21519576764478 35.74255487477922 2.865722245563219 -0.1433786484162669 0.10092473083990942 0.7755281598029189 0.6064757499157856
47.00400000000013 47.58862752701396 38.517159558424915 2.9531453375549477 -0.1593411331992804 0.07933370962024859 0.8468278357472481 0.5011977477925165
48.00400000000013 46.25218619659727 40.968379682623635 3.050598431141017 -0.17355399573366329 0.053644763478711874 0.9099419737890103 0.3728362298022454
49.00400000000013 44.24600559126246 42.86454942831879 3.1447427177346476 -0.1779364687577728 0.030798658132609322 0.9532893529248759 0.2421352211953405
50.00400000000013 41.741400605826 44.150336933094806 3.2313693941910797 -0.17570120726027266 0.02610137239816447 0.9703817118160288 0.16372885359400835
51.00400000000013 39.02601424272027 45.08964879296246 3.328313923205588 -0.17576256142163107 0.027648892004238926 0.9731740540690873 0.1458606227197123
52.00400000000013 36.25803785835143 45.90032984072634 3.436212217023706 -0.17947034982276927 0.02285806010196458 0.9755129888304026 0.12506922581531685
53.00400000000013 33.30910476650392 46.63392523909396 3.5579613503556997 -0.20026842852115112 0.027112526033716448 0.9729608254246909 0.11182441441225527
54.00400000000013 30.03342189986918 47.36421297998258 3.6813489027611443 -0.21180570473930369 0.027764025778686533 0.9713481782869212 0.10416438379372658
55.00400000000013 26.596036868336093 48.08742388013365 3.7973698569670247 -0.20316271908073083 0.028170111004538183 0.9742016726127322 0.09414061557197784
56.00400000000013 23.26016885245346 48.77293224929634 3.8881480848190835 -0.18729475149547156 0.02533587925334504 0.9781240597514044 0.08690277912783129
57.00400000000013 20.057796832693054 49.38760701889985 3.9696581728691327 -0.1900712856741317 0.01871395346815295 0.9784235410701383 0.07880398839872074
58.00400000000013 16.889308963407874 49.910536413357924 4.049464878278338 -0.19114371194662713 0.017890134433776156 0.9786088088476834 0.07395149571796793
59.00400000000013 13.699456401908355 50.38992508382223 4.128260979309574 -0.19059038065824296 0.020411859677380333 0.9790122235872122 0.06923675939758721
60.00400000000013 10.505252254093337 50.87559402846778 4.190154160048782 -0.18991546128604847 0.02098080558865922 0.979431744523918 0.06484891040097072
61.00400000000013 7.343170267150056 51.35294161225216 4.209965704009945 -0.18963917910928738 0.020307807796846385 0.9797358773190707 0.061173404213538785
62.00400000000013 4.15145146690119 51.821821011459846 4.221015554213137 -0.19013155409683347 0.017297404018794916 0.9801923821740562 0.052665794201574204
63.00400000000013 0.9602037513798919 52.2190127437342 4.21799458348873 -0.19031419332796787 0.004788617695702973 0.9815132000808695 0.019733601432590515
64.00400000000013 -2.2339394069177474 52.33152022960178 4.213878243050036 -0.19016970029539867 -0.022123462358587104 0.979544472462229 -0.061956952568052684
65.00400000000013 -5.401663447944808 51.91012780725308 4.20215776027558 -0.1884273845314185 -0.05273893775565478 0.9683077221529457 -0.15522203587773165
66.00400000000013 -8.412164835670668 50.84336384007534 4.177834290850304 -0.18806120328710849 -0.07535824297468605 0.9444934678740045 -0.2586236806197563
67.00400000000013 -11.079145372494803 49.10464727282505 4.128637417314945 -0.1824369325857208 -0.10317455497831088 0.9018302749961753 -0.3778543792707231
68.00400000000013 -13.20045963931613 46.63763495784673 4.05263259885219 -0.16911309768895133 -0.12277109340396594 0.8374627643962794 -0.5049595400269051
69.00400000000013 -14.577923231014992 43.58405535722864 3.957330467346172 -0.14778916447976767 -0.1403746415578058 0.763979569950325 -0.6121997546294887
70.00400000000013 -15.20184389612019 40.26924713014982 3.8600681725635466 -0.13698615338234024 -0.14487590722041924 0.717910960450618 -0.6669704777225465
71.00400000000013 -15.363577108359674 36.88612012437233 3.7702443330704085 -0.13209801860177822 -0.14784137825233457 0.6926796815984048 -0.6934608129221628
72.00400000000013 -15.258878043346465 33.49261203597752 3.682560406657046 -0.12770877837020794 -0.15102407379176483 0.6770111447778099 -0.7088992219696452
73.00400000000013 -15.006649282172077 30.144922866897925 3.594571486576278 -0.12651489226481918 -0.14978488882298363 0.6701528686562923 -0.7158586464849396
74.00400000000013 -14.693329852945178 26.81535268652895 3.5093768613254883 -0.12658936000910415 -0.1491313232387256 0.6653363452258249 -0.7204599434271791
75.00400000000013 -14.352663409018254 23.494965740400644 3.4103701899632726 -0.12586653112559845 -0.14865752396607423 0.6616998198810244 -0.7240247960395451
76.00400000000013 -13.990873225624243 20.232364665336544 3.297125884114385 -0.11739832149406129 -0.1382752052559837 0.6611804884895419 -0.727968380743644
77.00400000000013 -13.637746476790404 17.173210710952173 3.1753691043698504 -0.10548073008990497 -0.12530675141638567 0.6621594758520184 -0.7312433672646561
78.00400000000013 -13.31344610142428 14.42979427763247 3.0594855027744092 -0.10317432361286148 -0.12020945417538376 0.6616832122558105 -0.7328574709264529
79.00400000000013 -13.022698524577642 11.881819575547942 2.9628720360411274 -0.09331862498229851 -0.10421416492557764 0.6635353273582887 -0.7349502781874474
80.00400000000013 -12.77568985146995 9.58291651449385 2.8860806937750527 -0.08205971430282859 -0.08833518635881966 0.6649128936852433 -0.7371254587589599
81.00400000000013 -12.58099215663223 7.6179383270945 2.8295923047103977 -0.0671768176459826 -0.07250647667494303 0.6668000312684998 -0.7386526953253957
82.00400000000013 -12.43276140642994 6.015386042473835 2.7877318340824315 -0.053389859880356626 -0.056332202777864056 0.6677369333113665 -0.7403401878083353
83.00400000000013 -12.324011144052847 4.751894166281348 2.7565027354936023 -0.03867446357677548 -0.04005321916961949 0.6684562323552871 -0.7416645406965156
84.00400000000013 -12.253266283938624 3.828213374249126 2.7316661747528554 -0.023216804883577954 -0.02282357640071655 0.6691282343398256 -0.742433478730954
85.00400000000013 -12.207939830518294 3.1704112778966547 2.7259253700850863 -0.02434468428115015 -0.030170503607363085 0.669396520728664 -0.7418931022025267
86.00400000000013 -12.16596010168087 2.563418786120495 2.736921942333591 -0.027784940786126904 -0.0300920171327922 0.6526394888870728 -0.7565607478025881
87.00400000000013 -12.064679276935278 1.9578083796933035 2.760467495871106 -0.017712482987756604 -0.03970830565282758 0.5519218058981141 -0.8327615736708524
88.00400000000013 -11.790030586682539 1.4039436725943228 2.8010888814478543 -0.008852694838471922 -0.043652737920787 0.3817820263232406 -0.9231785052971264
89.00400000000013 -11.302570733640085 1.00623299578029 2.871817435467009 0.005305477532453807 -0.045251327238297064 0.1796654494609851 -0.9826721200692057
90.00400000000013 -11.001906713631405 0.9065987435916724 2.9476052496994076 0.0029743675984046977 0.01798583681934282 0.13437869695566892 -0.9907623471932075
