0.0 95.97116363520668 0.5345627518142058 4.20050249700113 -0.03228576380398491 -0.004091710952369282 0.9984105541225795 0.04601361509074583
1.0039999999999054 95.48618848172732 0.6129011983767518 4.163864558207668 -0.03232498990330855 0.005373601671516289 0.9984031950315241 0.04601390641611992
2.0039999999999054 94.99492033920512 0.6383524645555203 4.13541818508 -0.03708099398946313 -0.0070339531875802585 0.9981696461581627 0.04725336893594589
3.0039999999999054 94.37107474036311 0.6517710524866392 4.1166015825608016 -0.06789856007041149 0.003391365286335782 0.9965081428608796 0.04847479132311773
4.003999999999905 93.42659012968572 0.6828377968288998 4.0865285107648175 -0.09023539209873821 -0.0016359817311327434 0.9946962748513817 0.0493377986268848
5.003999999999905 92.13452440740123 0.739274396498225 4.0381637359015565 -0.11366798986050493 -0.00032209766188075244 0.9922008318467103 0.05115655986151386
6.003999999999905 90.4687406343027 0.8303406793086622 3.9784336321603493 -0.1362330914153305 0.002688831805506398 0.9892770915814602 0.05257519433222573
7.003999999999905 88.42443259285628 0.9651233523579373 3.9159754558790008 -0.15330182224397554 0.004304522305193057 0.9867311646525164 0.05330695159066096
8.003999999999905 86.0569026013745 1.1395423962464506 3.857622382417496 -0.1717092551867052 0.005477876076075826 0.9836084435813457 0.054775489704837456
9.003999999999905 83.3873100127731 1.3454646285141858 3.8128830803522398 -0.16650355032112474 0.003133983999132005 0.9844375947245432 0.056119229927985424
10.003999999999905 80.61423742651435 1.5621865322095243 3.770077307199955 -0.1862568118873466 0.006309706788573601 0.9808327432117703 0.05688336724805441
11.003999999999905 77.6641311444002 1.7927478003907884 3.71567899048907 -0.1884672787346934 0.006346649233554446 0.9804072893088385 0.05693287240199059
12.003999999999905 74.5791875072094 2.0247139991630596 3.664725007244681 -0.1854872948541324 -0.0003298141055003375 0.9809237308568313 0.05816346716166999
13.003999999999905 71.48289800621909 2.2142203154977844 3.6099141409011515 -0.18438151839012354 0.000759981534668957 0.9811261275290231 0.0582614794192778
14.003999999999905 68.41053363807315 2.3883587350331332 3.5606923566475484 -0.18294382319867758 0.001714234192642169 0.9813944178993721 0.05825474633484137
15.003999999999905 65.34188978121614 2.569038711752697 3.53021482773893 -0.18534748156419747 0.0013611382695613028 0.9809063715098708 0.05888249919763747
16.008000000000038 62.14285420302724 2.772609176997062 3.527611898633003 -0.20427109669253768 0.007381582645095968 0.9769477184135897 0.06157910993318268
17.003999999999905 58.79020741674439 3.028858937127375 3.5502188821972136 -0.19744673550385258 0.00685334282060873 0.9782580866637823 0.0630787936470767
18.003999999999905 55.40780898604226 3.3279067673864033 3.6014587078791007 -0.19705684455557532 0.011515127690476409 0.9782607711451365 0.06357566740974602
19.003999999999905 52.052531553408386 3.6612623907837953 3.6639427663423856 -0.1970359073969651 0.01106530355917082 0.9782091805340629 0.0645074365656806
20.003999999999905 48.70184562129802 4.017002826128395 3.727179366941061 -0.21098738931441732 0.014027534896130497 0.9753452254724401 0.06316043827539097
21.003999999999905 45.11681246720206 4.408666862078561 3.7846637434126946 -0.22380358697691424 0.015065233834619902 0.9724419969586463 0.06357323129159831
22.003999999999905 41.32467678617131 4.832985271691907 3.828414139476604 -0.21796206507740937 0.018925258762988683 0.9735620726220277 0.06566021260890738
23.003999999999905 37.544724372991936 5.350242592397419 3.857762086687153 -0.21670823310038007 0.04757503050332961 0.9663707600013015 0.13000658596250197
24.003999999999905 33.97326886934951 6.524170435341152 3.8840608520537674 -0.20912534877028077 0.11810671737586399 0.9168321178351554 0.318961219458275
25.003999999999905 31.35738791493301 9.179140393203568 3.899768726366041 -0.16964200934175278 0.17596713104887338 0.7760924057149282 0.5813241223693857
26.003999999999905 30.62701975383521 12.966762847245448 3.8778284149355273 -0.10180153271980666 0.21775135982302626 0.581308709921165 0.7773679804319905
27.003999999999905 31.8259195345327 16.678820713808047 3.8467274797983957 -0.0850623581365788 0.23260466374058178 0.44140580207785657 0.8624502208976349
28.003999999999905 34.12299875843322 19.91292166835226 3.8073831629754777 -0.09836353835824771 0.2232127818172581 0.4114194787815619 0.8781996816408868
29.003999999999905 36.51345218663628 23.11034996632927 3.758570414432985 -0.13211377405958785 0.20275455191994288 0.49658875466949964 0.833568324203404
30.003999999999905 38.21573062062381 26.786893759544444 3.704640319744568 -0.15417852303125218 0.17136586887151722 0.6106551909693687 0.7576034317266359
31.003999999999905 38.956746427078556 30.738748713759882 3.6613657967005753 -0.17255131703211485 0.14241105356258074 0.6941853230537668 0.6841431663551248
32.003999999999905 38.87958723035625 34.67703984077419 3.6392028148397766 -0.17261126976761995 0.13848716564055868 0.721493323816043 0.6561052035999511
33.003999999999905 38.59684259207243 38.57214786236675 3.628632648414987 -0.1383431437297187 0.16947594681285016 0.658474910161415 0.7201040693696868
34.003999999999905 39.09732937589069 42.34242032389993 3.633473011414079 -0.07583488713216627 0.22372527335425738 0.47633129012717845 0.8469383531296666
35.003999999999905 41.20729494952256 45.32609663565957 3.6490772434417904 -0.03421112136678546 0.24073608729909993 0.25208208982851293 0.9366591458126252
36.003999999999905 44.61908661621699 47.099399828237 3.652747903835623 -0.015684214663742715 0.22754819348904665 0.11021338763582661 0.9673824653342068
37.003999999999905 48.45309432243473 47.95799718452022 3.657798287271465 -0.002983758382212014 0.22212991645073288 0.039730284305235536 0.9742027006288435
38.003999999999905 52.36652493511987 48.280175971503134 3.6627393532837504 0.0035454919824820675 0.22179698681713503 -0.002421718180998651 0.9750834125378678
39.003999999999905 56.33247759363631 48.304797562198395 3.6691224134938856 0.004987872341758341 0.22323740725145788 -0.019732176775700598 0.9745516006517262
40.003999999999905 60.29650069014394 48.19121103641595 3.679051682711822 0.008645181549524846 0.22251130029298735 -0.03185896793814198 0.9743710731748024
41.003999999999905 64.24248217300911 47.98710309850206 3.712216750640307 0.010997195036484534 0.2213366039503227 -0.04010506859489141 0.9743103986543848
42.003999999999905 68.19914829058192 47.72478902105309 3.751090015422921 0.011122612871663433 0.2301137856676722 -0.04535347181437041 0.9720426923355697
43.003999999999905 72.27237077215624 47.408921024301705 3.803373871027418 0.013370029940007933 0.22739742439643854 -0.047988664138150006 0.9725269876931463
44.003999999999905 76.33310868334456 47.06279968363354 3.8760988490249546 0.013418381881905358 0.22825782840264913 -0.0508562989575883 0.9721789689439464
45.003999999999905 80.48794883353509 46.676496077408274 3.9621495733078635 0.017665220068569028 0.24458867111643168 -0.05287424072332277 0.9680230558356341
46.003999999999905 84.9052137023102 46.23435173567385 4.0557574392879845 0.02174723703876186 0.25656354707978263 -0.05511167430671191 0.9647097529029812
47.003999999999905 89.57984169907563 45.729244936647035 4.140722767833762 0.021957948564430195 0.2527704863187042 -0.05592041775265428 0.9656592756347431
48.003999999999905 94.34152963955769 45.18856762501867 4.207814434445829 0.026564027490430894 0.2518839978337308 -0.05880531437376686 0.96560382097431
49.003999999999905 99.04177815175221 44.54417594529735 4.246814348039912 0.06315389599022088 0.24913875633271101 -0.1269344916896907 0.9580339766071588
50.003999999999905 103.39946635320864 43.092908919514095 4.274918212764445 0.1395007167732518 0.24414201993006637 -0.3164131999028646 0.9059894651989315
51.003999999999905 106.62039425754784 39.88610291078635 4.266285714921916 0.18353314965190998 0.21314964756339877 -0.5445741811171702 0.7901403495474787
52.003999999999905 107.98597928991688 35.28589776013903 4.2131668038426175 0.20787982825532367 0.15682678871323863 -0.6963884860290701 0.6687558686640215
53.003999999999905 107.7844495827897 30.50428756826068 4.152030395018878 0.21609654768898748 0.14632264729938435 -0.744598099487112 0.6143823200616878
54.003999999999905 106.97709186869517 25.73418133645989 4.079504024043458 0.20206627757412965 0.16022180409235953 -0.7342466972433175 0.6279967997912126
55.003999999999905 106.26454830531283 20.961791564105084 4.01185634819585 0.18759539944847423 0.17205769423163814 -0.7084176233492334 0.6582921744101802
56.003999999999905 105.93398027397457 16.186381332370296 3.968543186731484 0.1683145150506209 0.18888570430358678 -0.6689976264495828 0.6988809559129769
57.003999999999905 106.15825719900451 11.412175031679325 3.9584619006271606 0.14832911578231092 0.20650335770743927 -0.621551393346973 0.740964710425016
58.003999999999905 106.99982712431483 6.788690555097663 3.9759539920506053 0.12845183834147286 0.2252567399282258 -0.5691735255769361 0.7802570244002451
