0.0 -0.7000771795689844 1.8390431870321264 3.252415841727482 0.0024235582015996945 0.0017117614027924728 0.011033941310237693 0.9999347220582478
1.0040000000001328 -0.7421946495526189 2.290409274790399 3.444134451650458 -0.006423613370782839 0.0023011197686706084 0.010145548689855602 0.9999252521468066
2.004000000000133 -0.6782512282653367 2.3591988247797677 3.4237800992790346 0.012276310838267804 0.031213887353526083 0.01095431091709013 0.999377300372995
3.004000000000133 -0.2457950073412184 2.3467265010468528 3.4187581916251717 -0.011447986061267604 0.054875758807252574 0.01108317804176659 0.9983660440314283
4.004000000000133 0.19518480889090428 2.2477349650220773 3.4322541176198564 0.009015027810021286 0.047656192677012134 0.011620844307392547 0.9987555119000342
5.004000000000133 1.1177949233509339 2.389947514573378 3.15528213826084 0.013356905151707598 0.048138432377208655 0.012191739024565116 0.9986769477226307
6.004000000000133 1.770013453945157 2.287089231960144 3.1272582976655388 0.0035847791741887647 0.04839644747237441 0.012120028915872213 0.9987482356076552
7.004000000000133 2.6415198696609967 2.2099774515261315 2.9157301696543096 0.020446767543742073 0.04848357987295829 0.013636312724450577 0.9985215686979404
8.004000000000133 3.6899762877159104 2.10010148726488 2.8107206454167857 0.0051744260936544524 0.04834117511064004 0.012933512173303206 0.9987337384740673
9.004000000000133 4.735478438946006 1.3244375193541513 2.807690031585672 0.01766196048564166 0.06520442598214163 0.013919663481267391 0.997618504716463
10.004000000000133 5.61633071943114 1.3575469256970312 2.5994900392136278 0.011568157575826837 0.08148915398553878 0.014008846335705188 0.9965086290330679
11.004000000000133 6.835569150141637 1.3178734946034234 2.1067918637952476 0.006699037197091624 0.07581754039760724 0.013963807858270456 0.9970014220344856
12.004000000000133 7.838730380147817 1.2611714779762737 2.0357146609099077 0.01215306773778767 0.07511917623382777 0.014475964038024782 0.9969954156221991
13.004000000000133 8.998382671911143 0.6010467750549192 1.6474035038531583 0.00590145055756768 0.07518203536689166 0.014192505812682747 0.997051356359423
14.004000000000133 10.256040373164456 0.48201314782413474 1.352410997376508 0.006511885740413994 0.07490575983002455 0.014694233420353437 0.9970610823778945
15.004000000000133 11.152243389020088 0.35919455394819333 1.4384899354684977 0.003650544565036314 0.09149778012270432 0.014340748775525837 0.9956953212110385
16.004000000000133 12.287181982311193 0.291842495504001 1.133524795982558 0.0035071482182815715 0.08951143845886542 0.0141524087478346 0.995879064757882
17.004000000000133 13.812608387374055 0.44271352510756623 0.9796012790985495 0.004773594443812607 0.08894241891315101 0.013775179408339227 0.9959300695060029
18.004000000000133 15.328344803319027 0.31219641147240546 0.7515525839759241 0.0024036417156623256 0.08786279091258395 0.013362441505247903 0.9960400582489507
19.004000000000133 16.680686253150924 0.47149061235209655 0.9235304465052396 0.004033688107926893 0.08934355143549925 0.01292974132875371 0.9959087714074576
20.004000000000133 17.854118034474627 0.6085794229666409 0.8890050065899875 0.004987320159457949 0.11980736551457032 0.01270619822982239 0.992703316370319
21.004000000000133 19.702156118740685 0.7524468029158758 0.913675711115717 0.004856944508444945 0.13949459416156398 0.011940857848258322 0.9901389216688686
22.004000000000133 21.605001460716924 1.070822198586685 1.2217596942779003 0.00608995830869595 0.14836863633008562 0.011301221669884003 0.988848796606497
23.004000000000133 23.73630177278712 1.269414204254295 1.124859145124262 0.009517605056244768 0.14442114485684898 0.011437322600489259 0.9894044348818953
24.004000000000133 26.134778090690318 1.2677194078088294 1.0377116320526287 0.009207161929929522 0.14494544974724768 0.011068660906047896 0.9893348924972328
25.004000000000133 28.18907020007787 1.3018617664119325 0.6057821586711429 0.009361358793393252 0.14111742267667743 0.011177651682899662 0.989885497459928
26.004000000000133 30.530534236422657 1.4219178956626133 0.41240794446995765 0.010667184565491978 0.14372586604662071 0.010050641748021288 0.9895090051146818
27.004000000000133 32.66118863845271 1.7996948055632747 0.11829740454966636 0.007491394406651882 0.142313298263686 0.018270249853428996 0.9896246773991888
28.004000000000133 34.758408065917834 1.8783441514229782 0.07574164217004814 0.001609467872898993 0.14271135906601665 0.037856717258265456 0.989038799322415
29.004000000000133 37.22010782204326 2.2320141938070837 0.053806767760653906 -0.00557690645193971 0.1414607964417615 0.062159847136508906 0.9879746426849499
30.004000000000133 39.698798555283744 2.3361541911458477 -0.13795470664870696 -0.015931017604778188 0.14064788056345168 0.09644459776349996 0.9852222165244356
31.004000000000133 41.81341659055045 3.1101241510466786 -0.1688247927889241 -0.05255725214750354 0.13246726944578685 0.21950761099762722 0.9651458783450279
32.00400000000013 43.46138086175044 3.8005745469339463 -0.13516792331657712 -0.07921740478761195 0.12173668569954885 0.37362988929451973 0.9161361732621247
33.00400000000013 44.75958517759253 5.661549132655707 0.2881731582143404 -0.09462066328356092 0.10986084132534853 0.4840017941123445 0.8629714878946448
34.00400000000013 45.62903517225489 7.545434209812228 0.6344014788129214 -0.1027236744217069 0.1018322764760404 0.5580861947320617 0.8170788416245385
35.00400000000013 46.02344329259079 9.361490801434709 1.0826598179288416 -0.10736163022460009 0.09717899431653204 0.6110823499114052 0.7782082530055169
36.00400000000013 45.97153016037701 11.52872989656232 1.8034859986897218 -0.1068423988289198 0.09669256243329284 0.6433538417271143 0.7518850208093848
37.00400000000013 46.18759397202957 13.635022800594195 2.5045872331836896 -0.10512848530191851 0.09825938671837682 0.6589542992585432 0.7382901367271101
38.00400000000013 46.04384133017078 15.680362572725098 3.410464842375886 -0.10242272373505402 0.10069288404204071 0.666265878885756 0.731751533922943
39.00400000000013 45.97614023857136 18.115893366939122 3.9249119283508604 -0.09941379256700918 0.10514467341693937 0.6720444240390272 0.7262353527731497
40.00400000000013 46.158427087585636 20.010843171434054 4.860593532761762 -0.1142830688942904 0.11889211259732954 0.674538841436364 0.7195841834837218
41.00400000000013 46.134357162407646 22.35920470780042 5.655129179949836 -0.12349767984139913 0.1334361419004401 0.6747156129587122 0.7153334612180995
42.00400000000013 46.52459351906171 25.211858590294604 6.516597569231797 -0.11754603344454057 0.13214431088209672 0.6777391684236233 0.7137159313812509
43.00400000000013 46.51943462058877 27.80690576758706 7.396764917015551 -0.11591211642961839 0.13398560049979305 0.679013286714618 0.7124276781460196
44.00400000000013 46.94574947899991 30.534391087847634 8.54183157744806 -0.11533137389359285 0.13366393307216276 0.6836427310958182 0.7081421067916718
45.00400000000013 46.6334722480179 33.391395752639056 9.730895838704784 -0.12216683127101922 0.12625565703951885 0.7044190262538269 0.687698051367261
46.00400000000013 46.5040104393928 36.1667649553231 10.226607241846274 -0.1433786484162669 0.10092473083990945 0.775528159802919 0.6064757499157857
47.00400000000013 45.85487942415166 38.89441863261476 11.175710111915299 -0.15934113319928042 0.0793337096202486 0.8468278357472482 0.5011977477925166
48.00400000000013 43.96243989209981 40.8338557242981 11.654051330083046 -0.1735539957336633 0.05364476347871189 0.9099419737890104 0.37283622980224546
49.00400000000013 41.98464695773601 42.471011333959176 11.86509293237723 -0.1779364687577728 0.030798658132609326 0.9532893529248758 0.2421352211953405
50.00400000000013 39.27560797032107 43.40418941909586 12.183794332865236 -0.17570120726027272 0.02610137239816448 0.9703817118160291 0.16372885359400838
51.00400000000013 36.3757840161166 43.79312158738468 12.213906492459275 -0.1757625614216311 0.027648892004238933 0.9731740540690874 0.14586062271971237
52.00400000000013 33.436711928205675 44.68532789244036 12.38599493148745 -0.17947034982276924 0.022858060101964575 0.9755129888304025 0.12506922581531685
53.00400000000013 30.75665049766481 44.926009103982445 12.501258911259482 -0.20026842852115118 0.027112526033716455 0.972960825424691 0.1118244144122553
54.00400000000013 27.497624308200457 44.990517683041716 12.447085976359105 -0.21180570473930374 0.02776402577868654 0.9713481782869213 0.1041643837937266
55.00400000000013 24.00437390024854 45.71922695198653 12.356881369160691 -0.20316271908073086 0.028170111004538187 0.9742016726127323 0.09414061557197785
56.00400000000013 20.835019376465972 45.759004621734086 11.908980809600415 -0.18729475149547156 0.02533587925334504 0.9781240597514044 0.08690277912783129
57.00400000000013 17.750938773797188 45.96217715136667 11.681198832275566 -0.19007128567413173 0.018713953468152952 0.9784235410701384 0.07880398839872076
58.00400000000013 14.514991772879169 45.97688332764617 11.64133396945625 -0.19114371194662713 0.017890134433776156 0.9786088088476833 0.07395149571796793
59.00400000000013 11.570421287144649 45.61574242082375 11.581426478027934 -0.190590380658243 0.02041185967738034 0.9790122235872122 0.06923675939758722
60.00400000000013 8.344560828436826 45.938367361180234 11.655717187749676 -0.18991546128604847 0.020980805588659217 0.979431744523918 0.06484891040097072
61.00400000000013 5.173079072648025 46.063308378156215 11.759835100681135 -0.18963917910928738 0.020307807796846385 0.9797358773190706 0.06117340421353877
62.00400000000013 1.9886681330285398 45.920433443505274 11.673098954297345 -0.19013155409683344 0.017297404018794912 0.980192382174056 0.05266579420157419
63.00400000000013 -1.3693828792175085 45.988461334627715 11.366863074186663 -0.19031419332796784 0.004788617695702972 0.9815132000808694 0.019733601432590515
64.00400000000013 -4.505462712339222 45.682302111478556 11.372555005972831 -0.1901697002953987 -0.022123462358587108 0.979544472462229 -0.061956952568052684
65.00400000000013 -7.41818493871863 44.25238619766513 11.131936559257218 -0.1884273845314185 -0.05273893775565478 0.9683077221529457 -0.15522203587773165
66.00400000000013 -10.090773588883788 42.70561027748131 10.643279447464346 -0.18806120328710854 -0.07535824297468606 0.9444934678740046 -0.2586236806197564
67.00400000000013 -12.617580548281062 40.72351451013746 9.753345857869405 -0.1824369325857208 -0.1031745549783109 0.9018302749961753 -0.3778543792707231
68.00400000000013 -14.566760195419656 37.867444825809976 8.833410519196605 -0.16911309768895136 -0.12277109340396596 0.8374627643962795 -0.5049595400269051
69.00400000000013 -15.493056243676246 34.54326740007435 8.180086999522036 -0.14778916447976767 -0.1403746415578058 0.763979569950325 -0.6121997546294887
70.00400000000013 -16.08090887218052 31.055196173133652 7.296649443108755 -0.13698615338234024 -0.14487590722041924 0.7179109604506179 -0.6669704777225465
71.00400000000013 -16.014488232475845 27.687014235368853 6.677406915342353 0.13209801860177825 0.1478413782523346 -0.6926796815984049 0.6934608129221628
72.00400000000013 -15.765004127059225 24.34847741567341 5.891762458796729 0.12770877837020794 0.15102407379176483 -0.6770111447778099 0.7088992219696449
73.00400000000013 -15.155119037195298 21.20337305619522 5.34981855833196 0.1265148922648192 0.14978488882298366 -0.6701528686562924 0.7158586464849397
74.00400000000013 -14.548392352973396 18.079515477978987 4.457315378925711 0.12658936000910415 0.1491313232387256 -0.6653363452258249 0.720459943427179
75.00400000000013 -14.00995312729246 15.014501656934275 4.085609799978918 0.12586653112559845 0.1486575239660742 -0.6616998198810243 0.724024796039545
76.00400000000013 -13.61799489117598 12.030616448897907 3.5384749296361258 0.11739832149406129 0.13827520525598372 -0.661180488489542 0.7279683807436441
77.00400000000013 -13.019004211729568 9.369576003647932 2.8338331551866176 0.105480730089905 0.1253067514163857 -0.6621594758520185 0.7312433672646561
78.00400000000013 -12.528904883775061 6.91867717110883 2.4394922732132196 0.10317432361286151 0.12020945417538376 -0.6616832122558105 0.732857470926453
79.00400000000013 -11.94932515815828 4.448444381441709 1.7659292859790794 0.09331862498229851 0.10421416492557765 -0.6635353273582887 0.7349502781874473
80.00400000000013 -11.563807443488948 2.130680287786535 1.2531366470737755 0.08205971430282859 0.08833518635881968 -0.6649128936852433 0.7371254587589599
81.00400000000013 -10.986602562894682 0.3715439699211811 0.9600365422267999 0.0671768176459826 0.07250647667494305 -0.6668000312685 0.7386526953253956
82.00400000000013 -10.776206252357378 -1.1423346378108379 0.5081396084898453 0.05338985988035662 0.056332202777864056 -0.6677369333113665 0.7403401878083353
83.00400000000013 -10.764649267829517 -2.3234637938068907 0.04965687109868161 0.03867446357677548 0.04005321916961949 -0.6684562323552871 0.7416645406965156
84.00400000000013 -10.261198738180996 -2.915022306910154 -0.41433177931073745 0.023216804883577954 0.02282357640071655 -0.6691282343398256 0.742433478730954
85.00400000000013 -10.065568630734008 -3.373731180583288 -0.5123361329484295 0.024344684281150154 0.030170503607363074 -0.6693965207286638 0.7418931022025267
86.00400000000013 -10.163290396126175 -4.010429063326188 -0.8817303364803944 0.027784940786126908 0.030092017132792203 -0.6526394888870729 0.7565607478025881
87.00400000000013 -9.990506741174533 -4.553279068482729 -0.6977553557053681 0.017712482987756607 0.03970830565282759 -0.5519218058981142 0.8327615736708524
88.00400000000013 -9.490787319873824 -5.010656886292526 -0.4429578294238155 0.008852694838471922 0.043652737920787 -0.3817820263232406 0.9231785052971264
89.00400000000013 -9.024869955103451 -5.447116103928991 -0.6078990766318593 -0.005305477532453807 0.045251327238297064 -0.1796654494609851 0.9826721200692057
90.00400000000013 -8.694796808584872 -5.677134055444527 -0.6580929365304892 -0.0029743675984046985 -0.017985836819342824 -0.13437869695566895 0.9907623471932075
